24503943707,2010-09-14T19:47:33.000Z,184910040,@Adele,Adele,Famous Artist,Adele fans! Head over to @VEVO's Facebook page to submit questions for Adele to answer! http://www.facebook.com/VEVO
27248872792,2010-10-13T14:58:33.000Z,184910040,@Adele,Adele,Famous Artist,Adele has a new blog up at her website. Check it out here: http://bit.ly/adeleblog1
29104016829,2010-10-29T16:37:36.000Z,184910040,@Adele,Adele,Famous Artist,"Adele has a new blog up at http://www.adele.tv/. Stay tuned to the blog on Tuesday, November 2 at 00:00 GMT for a special announcement!"
29419669509,2010-11-02T00:05:24.000Z,184910040,@Adele,Adele,Famous Artist,Head over to Adele's newly re-designed website to read a new blog post with details about her upcoming album! http://bit.ly/abMOzO
29513802932,2010-11-02T22:54:44.000Z,184910040,@Adele,Adele,Famous Artist,RT @ColumbiaRecords: NEWS: Adele @OfficialAdele has a new blog at http://www.adele.tv/. check the blog TODAY for a special announcement  ...
29513944608,2010-11-02T22:56:23.000Z,184910040,@Adele,Adele,Famous Artist,RT @XLRECORDINGS: Adele announced details of her forthcoming album '21' & new single 'Rolling In The Deep' - more details on her blog ht ...
3206628409085953,2010-11-12T22:04:54.000Z,184910040,@Adele,Adele,Famous Artist,Hear two new songs next week! Read more from Adele on her new blog post here: http://bit.ly/adeleblog2
4262658375159808,2010-11-15T20:01:11.000Z,184910040,@Adele,Adele,Famous Artist,"Listen to a new song ""Rolling In The Deep"" from Adele's forthcoming album '21'! http://bit.ly/adeleritd"
4305888269574144,2010-11-15T22:52:58.000Z,184910040,@Adele,Adele,Famous Artist,"RT @XLRECORDINGS: Hear the BRAND NEW ADELE SONG, 'Rolling In The Deep' here: http://bit.ly/bepa33 ... features exclusive studio footage  ..."
6731358730719234,2010-11-22T15:30:55.000Z,184910040,@Adele,Adele,Famous Artist,"Watch Adele perform a brand new song ""Someone Like You"" live on Later... With Jools Holland: http://bit.ly/adelejools"
9632901670895616,2010-11-30T15:40:37.000Z,184910040,@Adele,Adele,Famous Artist,Adele's '21' is now available for pre-order in the US! Get it @iTunesMusic or @Amazon here: http://www.adele.tv/21/
10366989096714241,2010-12-02T16:17:37.000Z,184910040,@Adele,Adele,Famous Artist,"Tune in to @TheEllenShow tomorrow 12/3 to see Adele perform ""Rolling In The Deep"" live! Check local listings: http://ellen.warnerbros.com/"
10461366351568896,2010-12-02T22:32:38.000Z,184910040,@Adele,Adele,Famous Artist,Tune in to @FollowCMT 'Artists of the Year' tomorrow 12/3 at 8pm ET to see @OfficialAdele perform a special tribute. http://bit.ly/adelecmt
10725716823904256,2010-12-03T16:03:04.000Z,184910040,@Adele,Adele,Famous Artist,RT @ColumbiaRecords: NEWS: Adele @OfficialAdele is set to perform @LadyAntebellum 's hit #NeedYouNow TONIGHT @ 8PM for CMT's #ArtistofTh ...
10783825852370944,2010-12-03T19:53:59.000Z,184910040,@Adele,Adele,Famous Artist,RT @ColumbiaRecords: Be sure to check out Grammy award winner Adele @OfficialAdele performing her new single #RollingInTheDeep on @TheEl ...
10824020551278592,2010-12-03T22:33:42.000Z,184910040,@Adele,Adele,Famous Artist,RT @TheEllenShow: Thanks @OfficialAdele for premiering your new song “Rolling in the Deep” just for us. Your voice is absolutely amazing ...
10908542978490368,2010-12-04T04:09:33.000Z,184910040,@Adele,Adele,Famous Artist,Watch my CMT performance here! @ladyantebellum http://bit.ly/eHtmuF
12168491993927680,2010-12-07T15:36:09.000Z,184910040,@Adele,Adele,Famous Artist,"The official video for ""Rolling in the Deep"" is now at iTunes! Watch the video and download the song here: http://bit.ly/fKP3VW"
12257715535478784,2010-12-07T21:30:41.000Z,184910040,@Adele,Adele,Famous Artist,Watch Adele's @VEVO ASK:REPLY feature where she answers questions direct from the fans! See if she answered yours here: http://bit.ly/f3A52u
12278517664325633,2010-12-07T22:53:21.000Z,184910040,@Adele,Adele,Famous Artist,Check out a new blog from Adele over at her website! http://bit.ly/hQWTgJ
12888119539924993,2010-12-09T15:15:41.000Z,184910040,@Adele,Adele,Famous Artist,Watch the official video for “Rolling in the Deep” at @VEVO now! http://www.youtube.com/watch?v=rYEDA3JcQqw
12889769834979329,2010-12-09T15:22:15.000Z,184910040,@Adele,Adele,Famous Artist,"RT @VH1: VIDEO PREMIERE: ""Rolling In The Deep"" by Adele http://ow.ly/3miJ0 @officialadele @VH1Top20 #yououghtaknow"
13261639092539394,2010-12-10T15:59:55.000Z,184910040,@Adele,Adele,Famous Artist,RT @XLRECORDINGS: CONTEST: Count the glasses in @OfficialAdele's new video & win our undying admiration. http://bit.ly/hhdo4Q (Please do ...
13296747388338176,2010-12-10T18:19:26.000Z,184910040,@Adele,Adele,Famous Artist,Have you read Adele's latest blog yet? Check it out over at Adele.tv here: http://bit.ly/hQWTgJ
14294688328589312,2010-12-13T12:24:53.000Z,184910040,@Adele,Adele,Famous Artist,Adele will be playing across Europe and the UK in Spring next year. Go to her website for the full info http://bit.ly/adelespringtour
14805193120030721,2010-12-14T22:13:27.000Z,184910040,@Adele,Adele,Famous Artist,Check out Adele's interview with @PerezHilton here: http://bit.ly/i2KM8l
15128012034940928,2010-12-15T19:36:13.000Z,184910040,@Adele,Adele,Famous Artist,"Watch Adele perform ""Rolling In The Deep"" acoustic on a rooftop in Hollywood here: http://bit.ly/fV05Kh"
15427679452925953,2010-12-16T15:27:00.000Z,184910040,@Adele,Adele,Famous Artist,RT @XLRECORDINGS: #gifmas continues. South London swag from Adele: http://bit.ly/eVXkq9
17240398653038592,2010-12-21T15:30:06.000Z,184910040,@Adele,Adele,Famous Artist,"Watch Adele's ""Rolling In The Deep"" (Live Acoustic) performance now on Ping! Click here to watch: http://bit.ly/gEBYUQ"
22738304919142400,2011-01-05T19:36:49.000Z,184910040,@Adele,Adele,Famous Artist,"RT @XLRECORDINGS: Here, in all its (hometown) glory, is the full version of Jamie xx’s huge Rolling In The Deep remix for @OfficialAdele ..."
25229728608681984,2011-01-12T16:36:50.000Z,184910040,@Adele,Adele,Famous Artist,Head over to @MSN to watch an intimate performance of 'Someone Like You' shot live from Adele's home in London! http://bit.ly/g57Yf5
25607935212130304,2011-01-13T17:39:42.000Z,184910040,@Adele,Adele,Famous Artist,"Head over to iTunes to pre-order the new single ‘Rolling In The Deep’, released on Sunday in the UK: http://bit.ly/rollinginthedeepitunes"
25679271733235712,2011-01-13T22:23:10.000Z,184910040,@Adele,Adele,Famous Artist,Check out Adele's interview with MSN UK where she talks about the making of 21. Part 1: http://bit.ly/fVmeeN & Part 2: http://bit.ly/fgPPoG
26608549589155840,2011-01-16T11:55:47.000Z,184910040,@Adele,Adele,Famous Artist,"If you're in the UK, Rolling In The Deep is OUT NOW on iTunes: http://bit.ly/rollinginthedeepitunes"
27403682203045889,2011-01-18T16:35:21.000Z,184910040,@Adele,Adele,Famous Artist,Happy New Year To You And Yours! Read more from @OfficialAdele on her new blog post here: http://bit.ly/hu4MOT
28492623819837441,2011-01-21T16:42:25.000Z,184910040,@Adele,Adele,Famous Artist,"To celebrate her new album '21', Adele is webcasting her show from London on Monday - visit http://bit.ly/adelewebcast for more info"
29550737205760000,2011-01-24T14:46:59.000Z,184910040,@Adele,Adele,Famous Artist,"21, the new album by Adele, is OUT NOW in the UK, Europe, Japan and Australasia: http://bit.ly/adeleoutnow #adele21"
29564736563585025,2011-01-24T15:42:37.000Z,184910040,@Adele,Adele,Famous Artist,RT @XLRECORDINGS: Tonight's Adele show will be webcast live from 20:30 (GMT) at http://adele.tv. We will be 'live tweeting'. Join us! #A ...
29638180936355840,2011-01-24T20:34:27.000Z,184910040,@Adele,Adele,Famous Artist,Adele webcast is live! Watch here: http://www.adele.tv/ #Adele21
29933157335699456,2011-01-25T16:06:35.000Z,184910040,@Adele,Adele,Famous Artist,Thanks so much to everyone who came down last night... Read more from @OfficialAdele on her new blog post here: http://bit.ly/adelethankyou
29958424947064832,2011-01-25T17:46:59.000Z,184910040,@Adele,Adele,Famous Artist,"Watch again: Adele at The Tabernacle, London. http://bit.ly/e6qNSb"
30592353924292609,2011-01-27T11:46:00.000Z,184910040,@Adele,Adele,Famous Artist,"RT @BBCR1: Wow, Adele is sounding incredible in the Live Lounge. Watch it live right here: http://www.bbc.co.uk/radio1/"
31045541244702720,2011-01-28T17:46:48.000Z,184910040,@Adele,Adele,Famous Artist,Bring! Bring! Read more from Adele on her new blog post here: http://bit.ly/adelebringbring
31128543249305600,2011-01-28T23:16:37.000Z,184910040,@Adele,Adele,Famous Artist,"Want to come to a taping of VH1's Adele: Unplugged in NYC next week? Email VH1Audience@GothamCasting.com w/ name, age, city. Subject ""Adele"""
32209438668496896,2011-01-31T22:51:43.000Z,184910040,@Adele,Adele,Famous Artist,"""Rolling In The Deep"" (Jamie xx Shuffle). Stream the song on Ping now. Available on iTunes (U.S.) 2/1. http://t.co/Mv4nxhF #iTunes"
32501838909542400,2011-02-01T18:13:36.000Z,184910040,@Adele,Adele,Famous Artist,US Fans: Counting down to the release of '21' we're launching a new feature each day at Adele.tv: http://bit.ly/Adele21 #21DaysOfAdele
32778048268926976,2011-02-02T12:31:10.000Z,184910040,@Adele,Adele,Famous Artist,My Louie... Read more from Adele on her new blog post here: http://bit.ly/adelemylouie
32813874671521792,2011-02-02T14:53:32.000Z,184910040,@Adele,Adele,Famous Artist,Adele will be playing the iTunes Festival in London on the 7th July. You can win a pair of tickets to the show here: http://bit.ly/i7e4DU
32835288501854208,2011-02-02T16:18:37.000Z,184910040,@Adele,Adele,Famous Artist,RT @VH1: BIG NEWS! We'll be tweeting from the @OfficialAdele #Unplugged shoot tomrw! RT & follow VH1 for live tweets & twitpics! http:// ...
33544530531717120,2011-02-04T15:16:53.000Z,184910040,@Adele,Adele,Famous Artist,Tune in to WXPN today at 12pm EST to listen to a live broadcast of Adele's performance at World Cafe Live! Listen here: http://bit.ly/hwW13h
33562430063915008,2011-02-04T16:28:01.000Z,184910040,@Adele,Adele,Famous Artist,"RT @FollowCMT: She shared the stage w/ @DariusRucker at Artist of the Year. Now see Adele's video, ""Don't You Remember (Live at Largo)."" ..."
33601602728239105,2011-02-04T19:03:41.000Z,184910040,@Adele,Adele,Famous Artist,"RT @ColumbiaRecords: In case u missed @OfficialAdele performing on @WXPNfm this afternoon, u can listen to the entire live show here htt ..."
34466988382224385,2011-02-07T04:22:25.000Z,184910040,@Adele,Adele,Famous Artist,"RT @nprmusic: First Listen: @OfficialAdele, '21.' The stories from the singer are familiar. But her voice is a force of nature. http://n ..."
34669825041108992,2011-02-07T17:48:25.000Z,184910040,@Adele,Adele,Famous Artist,North American tour dates announced! Head over to Adele.tv for more details: http://bit.ly/guU0LC
34702220146647040,2011-02-07T19:57:08.000Z,184910040,@Adele,Adele,Famous Artist,Adele's new album '21' is streaming in full starting today at @NPRMusic! Listen here: http://n.pr/hQ8yO1
34935551773773825,2011-02-08T11:24:19.000Z,184910040,@Adele,Adele,Famous Artist,"D.C... Read more from Adele on her new blog post here:
http://bit.ly/adeledc"
35383093414072320,2011-02-09T17:02:41.000Z,184910040,@Adele,Adele,Famous Artist,Pre-sale tickets for Adele's upcoming North American tour are on sale now! Click here to get your tickets:  http://bit.ly/dUm2Vp
35828845852631040,2011-02-10T22:33:57.000Z,184910040,@Adele,Adele,Famous Artist,"Tickets for Adele's North American Tour go on sale Friday, 2/11. Check local markets for specific on-sale times. http://bit.ly/fhArdp"
37480641461227521,2011-02-15T11:57:35.000Z,184910040,@Adele,Adele,Famous Artist,September 2011 UK tour dates announced! Head over to Adele.tv for more details: http://bit.ly/adeleseptemberuktour
38011321546969088,2011-02-16T23:06:19.000Z,184910040,@Adele,Adele,Famous Artist,"RT @VH1: SNEAK: @OfficialAdele's #VH1Unplugged performance of ""Natural Woman"" by Aretha Franklin http://ow.ly/3XP3f"
38253344107532288,2011-02-17T15:08:02.000Z,184910040,@Adele,Adele,Famous Artist,You can now download Adele's performance of 'Someone Like You' at the Brit awards directly from iTunes. http://bit.ly/efUs6l
38340212715298817,2011-02-17T20:53:13.000Z,184910040,@Adele,Adele,Famous Artist,US Fans: catch Adele performing on The Today Show tomorrow morning! Tune in at 7:00am EST on NBC - check your local listings.
38628430857637888,2011-02-18T15:58:30.000Z,184910040,@Adele,Adele,Famous Artist,You can now download Adele's performance of 'Someone Like You' at the Brit awards directly from iTunes. http://bit.ly/efUs6l
39703593023971328,2011-02-21T15:10:48.000Z,184910040,@Adele,Adele,Famous Artist,"Speechless!... Read more from Adele on her new blog post here:
http://bit.ly/adelespeechless"
39754811054231552,2011-02-21T18:34:20.000Z,184910040,@Adele,Adele,Famous Artist,"RT @VEVO: Just a li'l reminder that @OfficialAdele is LIVE ON LETTERMAN tonight, streaming on VEVO.com. 9PM Eastern/6PM in the West."
40122168608161792,2011-02-22T18:54:05.000Z,184910040,@Adele,Adele,Famous Artist,Adele's new album 21 is out today in the US! Pick up a copy @iTunes (http://bit.ly/eWHef1) or @AmazonMP3 (http://amzn.to/hVF2gw). #Adele21
40431402013040640,2011-02-23T15:22:52.000Z,184910040,@Adele,Adele,Famous Artist,Watch the entire archived performance from Adele's Live on Letterman show here: http://bit.ly/dTSb7y
40557587019739136,2011-02-23T23:44:16.000Z,184910040,@Adele,Adele,Famous Artist,Catch Adele performing live on @TheEllenShow tomorrow Feb. 24th! Check local listings for air times.
40826338130526208,2011-02-24T17:32:12.000Z,184910040,@Adele,Adele,Famous Artist,Don't miss Adele performing live on @JimmyKimmel tonight on ABC at 12am/11c!
40912185408364544,2011-02-24T23:13:19.000Z,184910040,@Adele,Adele,Famous Artist,Tune in to the CBS Early Show tomorrow morning 2/25 to see Adele perform live! 7-9am on CBS.
41955116126969856,2011-02-27T20:17:33.000Z,184910040,@Adele,Adele,Famous Artist,"Pick up Adele's new album '21' at @iTunesMusic in the U.S. and get the bonus track ""I Found A Boy"" http://bit.ly/eWHef1"
42297565013753857,2011-02-28T18:58:20.000Z,184910040,@Adele,Adele,Famous Artist,Catch Adele on Chelsea Lately with @ChelseaHandler tonight on E! Tune in at 11pm ET. Check your local listings for air times.
42304149806792705,2011-02-28T19:24:29.000Z,184910040,@Adele,Adele,Famous Artist,"RT @amazonmp3: Free for a limited time: A version of @OfficialAdele's ""Someone Like You"" performed live in her home http://amzn.to/fUi2WH"
43024906715271168,2011-03-02T19:08:31.000Z,184910040,@Adele,Adele,Famous Artist,"RT @VH1: Sneak @OfficialAdele's #VH1Unplugged performance of ""Turning Tables"" http://ow.ly/46poj Full show premieres online TOMRW at 7/6c!"
43465594145742848,2011-03-04T00:19:39.000Z,184910040,@Adele,Adele,Famous Artist,Tune in to VH1.com now to watch Adele's Unplugged performance! The show also airs on @VH1 on March 4 at 11/10c. http://on.vh1.com/eAnCZu
43473735356907520,2011-03-04T00:52:00.000Z,184910040,@Adele,Adele,Famous Artist,"RT @VH1: Watch @OfficialAdele's #VH1Unplugged performance AGAIN, online exclusives and meet&greet footage right here: http://ow.ly/47zpd"
44729765541855233,2011-03-07T12:03:01.000Z,184910040,@Adele,Adele,Famous Artist,IMPOSSIBLE... Read more from Adele on her new blog post here: http://bit.ly/adeleimpossible
48142207680647168,2011-03-16T22:02:51.000Z,184910040,@Adele,Adele,Famous Artist,Adele will perform at the Greek Theatre in Los Angeles on June 6th. Pre-sale tomorrow at 10am PT here: http://adeletickets.sandbag.uk.com/
52096427689652224,2011-03-27T19:55:30.000Z,184910040,@Adele,Adele,Famous Artist,"Download Adele's ""Make You Feel My Love"" on @iTunesMusic #SongsForJapan. Proceeds support Japan's recovery. http://facebook.itunes.com/1h1"
54937455161376768,2011-04-04T16:04:44.000Z,184910040,@Adele,Adele,Famous Artist,Adele's Webstore Launches Today - http://bit.ly/adelestore
55649755321217025,2011-04-06T15:15:10.000Z,184910040,@Adele,Adele,Famous Artist,Adele celebrates @RecordStoreDay on April 16 in the U.S. with a Limited-Edition 10” Vinyl! More info here: http://bit.ly/gLcr7F
57914657826021377,2011-04-12T21:15:05.000Z,184910040,@Adele,Adele,Famous Artist,"Check out the latest episode of ""Tea Time"" & find out some of my favorite music moments http://bit.ly/fzArwL"
58123849564291072,2011-04-13T11:06:20.000Z,184910040,@Adele,Adele,Famous Artist,YESSSSSS!... Read more from Adele on her new blog post here: http://bit.ly/elmq8D
59953133115293696,2011-04-18T12:15:15.000Z,184910040,@Adele,Adele,Famous Artist,UNORTHODOX... Read more from Adele on her new blog post here: http://bit.ly/fmTOCu
70060502633553920,2011-05-16T09:38:20.000Z,184910040,@Adele,Adele,Famous Artist,THE CIVIL WARS... Read more from Adele on her new blog post here: http://bit.ly/iY0e4g
75595821671915521,2011-05-31T16:13:43.000Z,184910040,@Adele,Adele,Famous Artist,Announcement regarding some upcoming tour dates http://bit.ly/j4pwlT
76717155101589504,2011-06-03T18:29:29.000Z,184910040,@Adele,Adele,Famous Artist,Adele announcement regarding the cancellation of remaining US tour dates http://bit.ly/k2T4kW
83200850935283712,2011-06-21T15:53:23.000Z,184910040,@Adele,Adele,Famous Artist,ON THE MEND... Read more from Adele on her new blog post here: http://t.co/FtPSM5X
83903820790370305,2011-06-23T14:26:44.000Z,184910040,@Adele,Adele,Famous Artist,Adele’s North American tour rescheduled with some newly added shows - Read more here: http://t.co/fl0fq9N
85286062641000448,2011-06-27T09:59:16.000Z,184910040,@Adele,Adele,Famous Artist,BON IVER... Read more from Adele on her new blog post here: http://t.co/J795S6q
88205735351164929,2011-07-05T11:21:00.000Z,184910040,@Adele,Adele,Famous Artist,Set Fire To The Rain Club Remixes are available on iTunes UK now... http://t.co/V4uAp8a
88932182537682944,2011-07-07T11:27:39.000Z,184910040,@Adele,Adele,Famous Artist,"ADELE is playing at #itunesfestival in London tonight! Watch live on your computer, iPad, iPhone or iPod touch: http://t.co/dPh2wsJ"
89338899477970946,2011-07-08T14:23:48.000Z,184910040,@Adele,Adele,Famous Artist,"Last night, ADELE played the #itunesfestival in London. You can watch the whole show here: http://t.co/49aYist"
91992048164540416,2011-07-15T22:06:28.000Z,184910040,@Adele,Adele,Famous Artist,"In case you missed it, ADELE's #itunesfestival EP is available now on @iTunes http://t.co/jMiASdh"
93651933117693952,2011-07-20T12:02:15.000Z,184910040,@Adele,Adele,Famous Artist,MERCURY!... Read more from Adele on her new blog post here: http://t.co/Tq7Pc3a
94345100984987648,2011-07-22T09:56:39.000Z,184910040,@Adele,Adele,Famous Artist,VMAS!?... Read more from Adele on her new blog post here: http://t.co/ljabwuA
95499361311657984,2011-07-25T14:23:16.000Z,184910040,@Adele,Adele,Famous Artist,AMY FLIES IN PARADISE X... Read more from Adele on her new blog post here:  http://t.co/faTtomY
108234559707021312,2011-08-29T17:48:24.000Z,184910040,@Adele,Adele,Famous Artist,"Watch ""Someone Like You"" performed live at the @MTV #VMA http://t.co/UPUqBUD"
108854228113559552,2011-08-31T10:50:45.000Z,184910040,@Adele,Adele,Famous Artist,Send me some photos!... Read more from Adele on her new blog post here: http://t.co/0OaLIL1
109637777066434560,2011-09-02T14:44:17.000Z,184910040,@Adele,Adele,Famous Artist,Adele will be a guest on The Jonathan Ross Show this Saturday. Tune into ITV1 at 9:45pm for chat with @wossy and more...
109984849871384576,2011-09-03T13:43:26.000Z,184910040,@Adele,Adele,Famous Artist,Illness forces Adele to postpone the first 2 shows of her September UK Tour: http://t.co/rF8Vkhg
110283387591340032,2011-09-04T09:29:43.000Z,184910040,@Adele,Adele,Famous Artist,The First 2 Shows... Read more from Adele on her new blog post here: http://t.co/4SFD6k5
111441246400163840,2011-09-07T14:10:38.000Z,184910040,@Adele,Adele,Famous Artist,"Illness forces Adele to postpone her show tonight in Cardiff 7/9 & tomorrow in Blackpool, 8/9. Full statement here: http://t.co/4efJCzJ"
111538337965277184,2011-09-07T20:36:26.000Z,184910040,@Adele,Adele,Famous Artist,I'm Still Not Well Enough... Read more from Adele in her latest blog post here: http://t.co/ue78JMG
112230371676004352,2011-09-09T18:26:20.000Z,184910040,@Adele,Adele,Famous Artist,Wolverhampton shows postponed: http://t.co/NcJRjkE
113288157444849664,2011-09-12T16:29:36.000Z,184910040,@Adele,Adele,Famous Artist,Adele Resumes UK Tour: http://t.co/zBvnDEF
113301723933716480,2011-09-12T17:23:30.000Z,184910040,@Adele,Adele,Famous Artist,"Adele’s brand new official iPhone app is available now, absolutely free, from the Apple App Store: http://t.co/PHOpeCb"
116567718806831105,2011-09-21T17:41:24.000Z,184910040,@Adele,Adele,Famous Artist,Rescheduled tour dates announced. Read more at:  http://t.co/sUuKPjpP
118739278636384256,2011-09-27T17:30:24.000Z,184910040,@Adele,Adele,Famous Artist,"Thrilled to announce that the new video for ""Someone Like You"" will premiere on @MTV & @VEVO Thurs 9/29 at 7:56 EDT http://t.co/VZYb38uk"
119100136495390720,2011-09-28T17:24:19.000Z,184910040,@Adele,Adele,Famous Artist,"Additional tickets available for 10/18 show at Cynthia Woods Mitchell Pavilion in Houston, TX http://t.co/4812sJ9W"
119440623379021825,2011-09-29T15:57:18.000Z,184910040,@Adele,Adele,Famous Artist,"Visit @MTV (US) & @VEVO tonight at 7:56 PM ET for the official ""Someone Like You"" video premiere! Get a first look here http://t.co/Zouybtek"
119564513916882944,2011-09-30T00:09:36.000Z,184910040,@Adele,Adele,Famous Artist,"""Someone Like You"" Official Video Premiere #SomeoneLikeYou http://t.co/9TLmMGjy"
120887684586684417,2011-10-03T15:47:24.000Z,184910040,@Adele,Adele,Famous Artist,Adele is nominated for four awards at this year’s MTV Europe Music Awards. Voting is now open: http://t.co/KUmsqVxw
121341790459674624,2011-10-04T21:51:51.000Z,184910040,@Adele,Adele,Famous Artist,Adele forced to cancel US tour dates http://t.co/Rrcpd8gk
129151346732576769,2011-10-26T11:04:15.000Z,184910040,@Adele,Adele,Famous Artist,Adele 'Live At The Royal Albert Hall' - Blu-Ray/DVD and CD - Pre-Order Now: http://t.co/x95Gjg3p
129951435562561536,2011-10-28T16:03:31.000Z,184910040,@Adele,Adele,Famous Artist,"With deep regret, Adele has been forced to cancel her remaining live dates and promotional appearances in 2011. http://t.co/aUYdbNXe"
132512353911717889,2011-11-04T17:39:41.000Z,184910040,@Adele,Adele,Famous Artist,"Adele has been nominated for ""Artist of the Year"" at the 2011 @OfficialAMAs. You can vote here: http://t.co/7FiXhBTF #AMAs"
134337642086137856,2011-11-09T18:32:44.000Z,184910040,@Adele,Adele,Famous Artist,Apply for free tickets to cinema screenings of Live At The Royal Albert Hall in 26 cities worldwide & watch the trailer http://t.co/e8lGahYy
134674147912597504,2011-11-10T16:49:53.000Z,184910040,@Adele,Adele,Famous Artist,"RT @GleeTheMusic : Check out Glee's video for @OfficialAdele's ""Rumour Has It/Someone Like You."" http://t.co/EwWfuUYP"
135091284309319680,2011-11-11T20:27:26.000Z,184910040,@Adele,Adele,Famous Artist,Adele has been nominated for 4 #PeoplesChoice Awards: RT Adele #femaleartist #PeoplesChoice to cast your vote!
136092724557385728,2011-11-14T14:46:48.000Z,184910040,@Adele,Adele,Famous Artist,Hello!... Read more from Adele on her new blog post here: http://t.co/pD6D54DN
138562243754332160,2011-11-21T10:19:47.000Z,184910040,@Adele,Adele,Famous Artist,I Love This... Read more from Adele on her new blog post here: http://t.co/sYRdgj2y
141188426711040001,2011-11-28T16:15:18.000Z,184910040,@Adele,Adele,Famous Artist,"RT @VEVO: Join us Monday, 11/28 for @OfficialAdele: Special Performances Live from The Royal Albert Hall: http://t.co/azIgvqwN #Adele"
141540442905911297,2011-11-29T15:34:05.000Z,184910040,@Adele,Adele,Famous Artist,"Adele's ""Live At The Royal Albert Hall"" concert film is out now on DVD/Blu-ray http://t.co/JhXwRBO9"
142299369016799232,2011-12-01T17:49:48.000Z,184910040,@Adele,Adele,Famous Artist,Adele has been nominated for 6 Grammy Awards including Record of the Year : Read More http://t.co/DlqCOgLo
143276072769818624,2011-12-04T10:30:52.000Z,184910040,@Adele,Adele,Famous Artist,Right! Its me! I will start tweeting if 10k of u start following @drop4drop &their trip to India this wk. Its a wonderful charity. Go! A xxx
143721543430701057,2011-12-05T16:01:01.000Z,184910040,@Adele,Adele,Famous Artist,"F*ck me that was quick!ThankU! I'm in bed,watchin Gladiator,eatin an apple. Heres a pic of me&Queen B last wk in NYC!X http://t.co/fw5NLzOE"
144385979887796224,2011-12-07T12:01:14.000Z,184910040,@Adele,Adele,Famous Artist,How incredible is she http://t.co/nHTCfwUD x
144516034727116800,2011-12-07T20:38:03.000Z,184910040,@Adele,Adele,Famous Artist,Girls nite in with my best friend @lauradockrill. We got new hats 2day! X http://t.co/us3nPISx
149480183760556035,2011-12-21T13:23:48.000Z,184910040,@Adele,Adele,Famous Artist,Back on the grind. Hair and make up did. Merry Christmas! Axx http://t.co/kbBE0A1e
155429553098080256,2012-01-06T23:24:28.000Z,184910040,@Adele,Adele,Famous Artist,Just met a baby white tiger!! Happy new year y'all xx http://t.co/rovMNmLd
157538360703987713,2012-01-12T19:04:06.000Z,184910040,@Adele,Adele,Famous Artist,"fucking happy, thank you for the nods xx"
157549424854302720,2012-01-12T19:48:04.000Z,184910040,@Adele,Adele,Famous Artist,Looking forward to @theGRAMMYs on Feb 12! #WeAreMusic  http://t.co/pv9vvJ9F
159629924423041024,2012-01-18T13:35:14.000Z,184910040,@Adele,Adele,Famous Artist,A short blog... http://t.co/rA3Matf4
164369984489914368,2012-01-31T15:30:32.000Z,184910040,@Adele,Adele,Famous Artist,"Ima be, Ima be singing at the Grammys. It's been so long I started to forget I was a singer! I can't wait, speak soon xx"
165460635314958336,2012-02-03T15:44:24.000Z,184910040,@Adele,Adele,Famous Artist,Someone Like You is nominated for Best British Single at the @BRIT_Awards. If you like you can vote for it here: http://t.co/osc6rVCF
167979330239086595,2012-02-10T14:32:47.000Z,184910040,@Adele,Adele,Famous Artist,"Adele’s brand new Android app is available now, absolutely free, from the Android Market: http://t.co/KtPWx3V0"
182782615194046464,2012-03-22T10:55:46.000Z,184910040,@Adele,Adele,Famous Artist,TODAY IS WORLD WATER DAY. A DAY DEDICATED TO THE BILLION PEOPLE WITHOUT CLEAN WATER! FOLLOW @drop4drop AND THEIR MISSION #cleanwaterforall x
182782774053318657,2012-03-22T10:56:23.000Z,184910040,@Adele,Adele,Famous Artist,Get it trending you lot #cleanwaterforall
182792506205941760,2012-03-22T11:35:05.000Z,184910040,@Adele,Adele,Famous Artist,Even Louie wants you to get involved! #cleanwaterforall http://t.co/C3qizBCH
183172595116548096,2012-03-23T12:45:24.000Z,184910040,@Adele,Adele,Famous Artist,"Thanks so much to the Echo Awards &amp; Germany for all your support, delighted to have won best album &amp; international female. x"
185678668750794752,2012-03-30T10:43:39.000Z,184910040,@Adele,Adele,Famous Artist,check her out! shes a lot of fun and works bloody hard http://t.co/DAfu7b6E
186837185956286466,2012-04-02T15:27:11.000Z,184910040,@Adele,Adele,Famous Artist,thank you Canada for my Juno award :) xx
199854500318674945,2012-05-08T13:33:20.000Z,184910040,@Adele,Adele,Famous Artist,"Had a lovely birthday, thanks for all the messages. I got a blossom tree! I didn't get a cake from Rih Rih &amp; I'm not engaged, blah blah x"
200630746233319426,2012-05-10T16:57:52.000Z,184910040,@Adele,Adele,Famous Artist,Get a sneak peek of “Adele Live in London with Matt Lauer” now on @todayshow  http://t.co/0WYHL9YC
201000724883193856,2012-05-11T17:28:01.000Z,184910040,@Adele,Adele,Famous Artist,"Don’t miss ""Adele Live In London with Matt Lauer"" airing on NBC Sunday, June 3 at 8 PM ET http://t.co/7zCjJ6Uz"
203462344406347776,2012-05-18T12:29:38.000Z,184910040,@Adele,Adele,Famous Artist,http://t.co/bIVTOWTP
203468039017070592,2012-05-18T12:52:15.000Z,184910040,@Adele,Adele,Famous Artist,Loving my Ivor! Thank you so much x
204607982720389120,2012-05-21T16:21:59.000Z,184910040,@Adele,Adele,Famous Artist,"Wow! Thank you @Billboard You've been amazing all year, thanks so much for the support. Yours always x"
208269465098518529,2012-05-31T18:51:24.000Z,184910040,@Adele,Adele,Famous Artist,Tune in to NBC this Sunday June 3 at 8 PM ET for “Adele Live in London with Matt Lauer”
209754232784568320,2012-06-04T21:11:22.000Z,184910040,@Adele,Adele,Famous Artist,Coldplay are magical!! X http://t.co/Hc8cfSMX
223823385430458369,2012-07-13T16:57:08.000Z,184910040,@Adele,Adele,Famous Artist,Frank Ocean your so so special. Congratulations on such a STUNNING album x
230620393239638016,2012-08-01T11:06:01.000Z,184910040,@Adele,Adele,Famous Artist,"Go on girls! Congrats Helen and Heather, sooo happy for you! Our 1st gold medalists :)"
234736177360539649,2012-08-12T19:40:40.000Z,184910040,@Adele,Adele,Famous Artist,"I LOVED the Olympics! Thank you everyone for making it so great! Wish I was there but I'm not, enjoy x"
237076034003030016,2012-08-19T06:38:25.000Z,184910040,@Adele,Adele,Famous Artist,Do something good for someone #whd2012 http://t.co/WqGs26nv
241207645028106240,2012-08-30T16:15:58.000Z,184910040,@Adele,Adele,Famous Artist,I'm not married...Zzzzzzz
252762323884847104,2012-10-01T13:30:09.000Z,184910040,@Adele,Adele,Famous Artist,http://t.co/LXzCxAev
252817964003373056,2012-10-01T17:11:14.000Z,184910040,@Adele,Adele,Famous Artist,"Adele's new James Bond theme, Skyfall, will premiere at 0:07hr BST on Friday 5th October. Pre-order now at http://t.co/XWKFAFJS"
253995831609417728,2012-10-04T23:11:39.000Z,184910040,@Adele,Adele,Famous Artist,"Adele's new James Bond theme, Skyfall, is out now. Listen to and buy Skyfall here: http://t.co/XWKFAFJS"
257214007310692352,2012-10-13T20:19:32.000Z,184910040,@Adele,Adele,Famous Artist,Ella Henderson on X Factor is absolutely incredible! I LOVE her!! Good luck xx
273836225658503168,2012-11-28T17:10:18.000Z,184910040,@Adele,Adele,Famous Artist,"""Shine bright like a diamond!"" US fans, we just hit 10 million copies over on your side of the pond! Thanks :) xx"
279265511332782080,2012-12-13T16:44:21.000Z,184910040,@Adele,Adele,Famous Artist,Boom shakalakaa!!
289392573540360192,2013-01-10T15:25:40.000Z,184910040,@Adele,Adele,Famous Artist,Oh my god I feel like Meryl Streep!! Thank you  x
290686898756792320,2013-01-14T05:08:52.000Z,184910040,@Adele,Adele,Famous Artist,I just met Daniel fucking Day Lewis!!!
296298556543877120,2013-01-29T16:47:35.000Z,184910040,@Adele,Adele,Famous Artist,DARCY BURDOCK!
301492541738606592,2013-02-13T00:46:38.000Z,184910040,@Adele,Adele,Famous Artist,Chris Brown and I were complimenting each other in that photo actually!
302175241843654657,2013-02-14T21:59:26.000Z,184910040,@Adele,Adele,Famous Artist,#LoveIsInMyBlood together we can end aids. RT and go to http://t.co/k2blMUuM to share your love.
308298642060627968,2013-03-03T19:31:39.000Z,184910040,@Adele,Adele,Famous Artist,...and we're home! What an epic trip. Thanks for having us Hollywood! http://t.co/8EnuBnQipT
310842173325193218,2013-03-10T19:58:43.000Z,184910040,@Adele,Adele,Famous Artist,Happy mamas day to all of us! This is my first one! Never been happier :) xx
315030625432260609,2013-03-22T09:22:08.000Z,184910040,@Adele,Adele,Famous Artist,Today is world water day! 800 million ppl are without clean drinking water. Help us @drop4drop quench their thirst.RT #cleanwaterforall
331180358416596994,2013-05-05T22:55:25.000Z,184910040,@Adele,Adele,Famous Artist,What a wonderful beyday! 25 thanks for the love x
333894870974476289,2013-05-13T10:41:55.000Z,184910040,@Adele,Adele,Famous Artist,Wow I love 'So good to me' by Chris Malinchak! So beautiful! X
349711733964820480,2013-06-26T02:12:29.000Z,184910040,@Adele,Adele,Famous Artist,Just randomly met @davidblaine and he did some magic for us. Never seen anything like it! Blew my mind! http://t.co/t0YELzzoAd
359617117034782720,2013-07-23T10:12:56.000Z,184910040,@Adele,Adele,Famous Artist,Watch this https://t.co/6QW5HhvhOU I love you Patti Smith x
365046884613627905,2013-08-07T09:48:54.000Z,184910040,@Adele,Adele,Famous Artist,Please go and get the new Civil Wars album. They're my absolute favourite and the new record is beautiful! X
374294302941544449,2013-09-01T22:14:50.000Z,184910040,@Adele,Adele,Famous Artist,@ladygaga mermaids for life! Brilliant as always thank you for a wonderful night! #MANiCUREisthebest
376684769423425536,2013-09-08T12:33:42.000Z,184910040,@Adele,Adele,Famous Artist,This is so beautiful http://t.co/1JbQzD2yNp thank you @caitlinmoran for the best letter I've ever read x
380080167026454528,2013-09-17T21:25:48.000Z,184910040,@Adele,Adele,Famous Artist,God I love Kanye so much. Later with Jools is incredible tonight!
382070264684486656,2013-09-23T09:13:44.000Z,184910040,@Adele,Adele,Famous Artist,"Look at these stunning pieces my friend @LA_VERNEUK made me! That's my handwriting! So personal, so clever x http://t.co/caQ3WmJCwo"
382802229067264000,2013-09-25T09:42:18.000Z,184910040,@Adele,Adele,Famous Artist,HUGE song @tinietempah love it love it!! http://t.co/a23pHiRQCh
384436127304019968,2013-09-29T21:54:49.000Z,184910040,@Adele,Adele,Famous Artist,JT!!
387249571459788801,2013-10-07T16:14:27.000Z,184910040,@Adele,Adele,Famous Artist,This Sam Smith song is so so good http://t.co/5BpkPUTzyt xx
388613534504194048,2013-10-11T10:34:21.000Z,184910040,@Adele,Adele,Famous Artist,I passed my driving test this morning!!! 💪🎉🎈🚗🚦
392963042176421888,2013-10-23T10:37:44.000Z,184910040,@Adele,Adele,Famous Artist,My gorgeous best friend is up for an award! All Darcy lovers please vote for her here http://t.co/G8WjTxBPrj
392980699764236288,2013-10-23T11:47:54.000Z,184910040,@Adele,Adele,Famous Artist,Laura Dockrill guys!! Vote for Laura Dockrill x
395635852325715968,2013-10-30T19:38:32.000Z,184910040,@Adele,Adele,Famous Artist,I really hope Laura Marling wins the mercury tonight x
398935593893511168,2013-11-08T22:10:32.000Z,184910040,@Adele,Adele,Famous Artist,I wanna be robbie Williams when I'm older #robbieisalegend x
399532168009232384,2013-11-10T13:41:06.000Z,184910040,@Adele,Adele,Famous Artist,Look what @example just did X http://t.co/Fle5vpfCwj
400639749146570753,2013-11-13T15:02:14.000Z,184910040,@Adele,Adele,Famous Artist,Lily is baaaack and as clever as ever 👏 http://t.co/ZBrIYK2UFL
402180418205913088,2013-11-17T21:04:18.000Z,184910040,@Adele,Adele,Famous Artist,Whoa Luke Friend was ridiculously good in that sing off on X factor! I want him to win! X
404939961394536448,2013-11-25T11:49:44.000Z,184910040,@Adele,Adele,Famous Artist,It is International Day To End Violence Against Women! The lovely Stella McCartney has designed this years white ribbon! Have you got yours?
404940010748903424,2013-11-25T11:49:56.000Z,184910040,@Adele,Adele,Famous Artist,http://t.co/AkdA8UQTuS
412193084680962048,2013-12-15T12:11:04.000Z,184910040,@Adele,Adele,Famous Artist,Help! http://t.co/dZjCuQ2GTS
418023233590673408,2013-12-31T14:18:00.000Z,184910040,@Adele,Adele,Famous Artist,Happy New Year everybody! With love x
423538864485986304,2014-01-15T19:35:08.000Z,184910040,@Adele,Adele,Famous Artist,My Love by route 94 and Jess Glynn is a tuuune!! Thanks @zanelowe
423780223898112000,2014-01-16T11:34:13.000Z,184910040,@Adele,Adele,Famous Artist,@mapei don't wait is incredible! Can't wait to hear more x
425569781828567040,2014-01-21T10:05:17.000Z,184910040,@Adele,Adele,Famous Artist,Check this great song out by @dornikspeaks and the video was imagined by my good friend Daniels http://t.co/HyjDJbFzFX
427581200505798656,2014-01-26T23:17:56.000Z,184910040,@Adele,Adele,Famous Artist,"Wish I was there! Thank you for the grammy! (My 10th one! Whhaaa?) Have a wonderful night. I'm in bed, now feeling very restless x"
439043143376576512,2014-02-27T14:23:37.000Z,184910040,@Adele,Adele,Famous Artist,"The next Darcy Burdock is out! Hi so much! I finished it last night, wonderful read! Get yours here http://t.co/wNpabAjG6V"
439055380174630912,2014-02-27T15:12:14.000Z,184910040,@Adele,Adele,Famous Artist,"It's charming, devastating, gives you butterflies, totally amazingly fairy tale like but living in South London grimey but glitzy"
439139447289167872,2014-02-27T20:46:17.000Z,184910040,@Adele,Adele,Famous Artist,Fuck!!! This is one of the best things I've ever seen in my life hands down http://t.co/D47sRGtni1
447298424204189696,2014-03-22T09:07:09.000Z,184910040,@Adele,Adele,Famous Artist,#iLoveWater and so does #drop4drop get involved at http://t.co/Pv6ZTuwOdD it's world water day! http://t.co/nXJvjJsALV
447303894016995328,2014-03-22T09:28:53.000Z,184910040,@Adele,Adele,Famous Artist,"Everyone tweet a picture of yourself with water! Drinking, showering, cooking, cleaning... #iLoveWater"
450228803047260160,2014-03-30T11:11:26.000Z,184910040,@Adele,Adele,Famous Artist,Happy Mothers Day Mamas x
462141820441731072,2014-05-02T08:09:30.000Z,184910040,@Adele,Adele,Famous Artist,I've designed a bag with @Fendi to raise money for the @KidsCompanyUK ! Check it out here- http://t.co/2EVaxfZjyj  #FendiPeekaboo
463067207384461312,2014-05-04T21:26:40.000Z,184910040,@Adele,Adele,Famous Artist,Bye bye 25... See you again later in the year x http://t.co/HEmY14El5s
469919479699615744,2014-05-23T19:15:09.000Z,184910040,@Adele,Adele,Famous Artist,Oh @palomafaith! Your so perfect I love you and this so much http://t.co/8Dhaz5g8Q6
471782517281157120,2014-05-28T22:38:12.000Z,184910040,@Adele,Adele,Famous Artist,Katy Perry was supreme tonight! But UK mamas look who I saw tonight! http://t.co/iccKIi88et
476131948222746624,2014-06-09T22:41:17.000Z,184910040,@Adele,Adele,Famous Artist,@OfficialAdele: I pretend I'm Drop Dead Fred every day. Thank you for all the laughter Rik Mayall x
486418778499334144,2014-07-08T07:57:28.000Z,184910040,@Adele,Adele,Famous Artist,"My good friend Example has a new album out and you can get it here x
http://t.co/pPNXIoCVBS"
527884855192092673,2014-10-30T18:08:51.000Z,184910040,@Adele,Adele,Famous Artist,Just watched Nightcrawler after months of being excited and it WAS AMAZZZING! Go and see it!
549220457162227714,2014-12-28T15:08:55.000Z,184910040,@Adele,Adele,Famous Artist,"Just wanted to wish everyone happy holidays &amp; all the best for 2015! PS Simon &amp; I are still very much together, don't believe what you readx"
557987693599395841,2015-01-21T19:46:47.000Z,184910040,@Adele,Adele,Famous Artist,"This is fantastic, click away https://t.co/DhX8RPVNhu"
573547870198067203,2015-03-05T18:17:22.000Z,184910040,@Adele,Adele,Famous Artist,#ThanksZane for being such a fan of music. I'm so glad and proud you are a part of my career. You made so many of us real x
579576219181662209,2015-03-22T09:31:53.000Z,184910040,@Adele,Adele,Famous Artist,"It's World Water Day! For every RT this gets, @LifeWaterUK will give 100 gallons of clean water to someone in need. #cleanwaterforall xx"
595852007379968001,2015-05-06T07:26:03.000Z,184910040,@Adele,Adele,Famous Artist,Thank you for the birthday wishes I had a wonderful time! I was my hero x #gottahavefaith http://t.co/FMSPQPUGMD
603695490954309632,2015-05-27T22:53:15.000Z,184910040,@Adele,Adele,Famous Artist,So...tonight was THE best night of my life. I love you Stevie Nicks!! The queen of melodies! Thanks for everything x http://t.co/OKukHIpiV4
606573176760451074,2015-06-04T21:28:09.000Z,184910040,@Adele,Adele,Famous Artist,My bestest friend has her 4th Darcy Burdock book out NOW! Oh Obviously!! Get it here - http://t.co/PR6biyHW66
623418699777712128,2015-07-21T09:06:15.000Z,184910040,@Adele,Adele,Famous Artist,@BetteMidler I love that you posted the pic of me holding it together. When this is really what happened... X http://t.co/aZ7O5cydrR
628908188746838016,2015-08-05T12:39:31.000Z,184910040,@Adele,Adele,Famous Artist,My favourites The Maccabees have their new album out. Please get it and love it as much as I do. Marks To Prove It! http://t.co/CTu7lOjvLt
656787881349009408,2015-10-21T11:03:28.000Z,184910040,@Adele,Adele,Famous Artist,https://t.co/dDImEhKt10
657198606793969664,2015-10-22T14:15:32.000Z,184910040,@Adele,Adele,Famous Artist,I’m so bloody excited!! X https://t.co/P1LnD37wz1
657920066260987904,2015-10-24T14:02:22.000Z,184910040,@Adele,Adele,Famous Artist,❤️ https://t.co/Gi4VVFxE8d
659712720141459456,2015-10-29T12:45:44.000Z,184910040,@Adele,Adele,Famous Artist,"Throwing it way back with this! Thank you for all the love, I am so blown away. X  #TBT https://t.co/MdpONeUnEt"
661540561837510656,2015-11-03T13:48:55.000Z,184910040,@Adele,Adele,Famous Artist,RS x @RollingStone https://t.co/4YvjE2Xobp
662303705157517312,2015-11-05T16:21:22.000Z,184910040,@Adele,Adele,Famous Artist,Got sent this from Troye Sivan’s gig last night. It gave me chills ❤️ https://t.co/4HGPKP2eVS
664175467231109124,2015-11-10T20:19:05.000Z,184910040,@Adele,Adele,Famous Artist,"I'm so excited this magazine has come back, and I've guest edited the first one. The new Observer Music magazine xx https://t.co/cL4swxLsb7"
665197459392610304,2015-11-13T16:00:07.000Z,184910040,@Adele,Adele,Famous Artist,1 week to go! https://t.co/JswtphvmWn
666605527502356481,2015-11-17T13:15:17.000Z,184910040,@Adele,Adele,Famous Artist,When We Were Young x https://t.co/21A3kN5eyf https://t.co/TT90utCm0f
667703151965904896,2015-11-20T13:56:51.000Z,184910040,@Adele,Adele,Famous Artist,25 https://t.co/tOhrLJUot9
667795183325552640,2015-11-20T20:02:33.000Z,184910040,@Adele,Adele,Famous Artist,BBC1 at 8:30pm https://t.co/nKAzVrQ7Vx
669863983072075776,2015-11-26T13:03:13.000Z,184910040,@Adele,Adele,Famous Artist,Go to https://t.co/l21mEjQSCp for details https://t.co/3RAuxqGpMg
676371435611377664,2015-12-14T12:01:31.000Z,184910040,@Adele,Adele,Famous Artist,And of course.....😍  https://t.co/nGJmSdSsIC
679036477267910659,2015-12-21T20:31:26.000Z,184910040,@Adele,Adele,Famous Artist,In case you were wondering I'm in my dressing gown eating a Chinese watching Eastenders. Merry bloody Christmas!! X
684834956883935233,2016-01-06T20:32:31.000Z,184910040,@Adele,Adele,Famous Artist,getting ready... https://t.co/MyNwveeKoj
685464287855378434,2016-01-08T14:13:16.000Z,184910040,@Adele,Adele,Famous Artist,Just heard MY BOY MY TOWN by Mabel! So beautiful xx
687545631758512128,2016-01-14T08:03:47.000Z,184910040,@Adele,Adele,Famous Artist,I had the best time doing this! We met 7 years ago in an aeroplane hanger in Wales!! Love you mate @JKCorden X https://t.co/eA6wAcvJTq
687557172876685312,2016-01-14T08:49:38.000Z,184910040,@Adele,Adele,Famous Artist,RT @JKCorden: #AdeleCarpoolKaraoke  https://t.co/vexn971GXK
699457178717958145,2016-02-16T04:56:01.000Z,184910040,@Adele,Adele,Famous Artist,"The piano mics fell on to the piano strings, that's what the guitar sound was. It made it sound out of tune. Shit happens. X"
699457767896002561,2016-02-16T04:58:21.000Z,184910040,@Adele,Adele,Famous Artist,Because of it though... I'm treating myself to an in n out. So maybe it was worth it.
702875597765263360,2016-02-25T15:19:35.000Z,184910040,@Adele,Adele,Famous Artist,Last night was mad! I had such a great time...obviously! Thank you deeply X
702876742466347008,2016-02-25T15:24:08.000Z,184910040,@Adele,Adele,Famous Artist,Oh and god I forgot to thank @GregKurstin ! Thank you Greg!!!! X
702973212754370562,2016-02-25T21:47:29.000Z,184910040,@Adele,Adele,Famous Artist,"Thank you to Yayoi Kusama for letting me film in her infinity mirrored room @TheBroad , it was an amazing experience https://t.co/XS7pPHQn3D"
703947082311311361,2016-02-28T14:17:17.000Z,184910040,@Adele,Adele,Famous Artist,Good luck Leo! Everyone loves you because you're the best. Meet me at the clock anytime bruv X https://t.co/buPmIdhYyo
704714035149873152,2016-03-01T17:04:53.000Z,184910040,@Adele,Adele,Famous Artist,@PatrickJames__  I'll sort you out my love. Can't have you missing this one x
706851421078089728,2016-03-07T14:38:06.000Z,184910040,@Adele,Adele,Famous Artist,RT @McrArena: NEWS: Late tickets just released for #Adele tonight at #Manchester Arena! grab 'em here &gt;&gt;&gt; https://t.co/l3RPA80hU8 https://t…
706981473979604994,2016-03-07T23:14:53.000Z,184910040,@Adele,Adele,Famous Artist,@Gummybear1981 I do! xx
708331835147874304,2016-03-11T16:40:44.000Z,184910040,@Adele,Adele,Famous Artist,@onlyhowell I'm SO excited you're coming x
710096234460135424,2016-03-16T13:31:49.000Z,184910040,@Adele,Adele,Famous Artist,"RT @TheO2: OMG! We're excited to announce new seats for every @Adele show. ❤

Get em here: 
https://t.co/eQgPHjwroq https://t.co/RUXUfbeJp9"
710262170144149504,2016-03-17T00:31:12.000Z,184910040,@Adele,Adele,Famous Artist,"@Katiewalkerxxx Poor things! Ha! See you in Birmingham, hope you enjoy the show X"
712188399516565505,2016-03-22T08:05:20.000Z,184910040,@Adele,Adele,Famous Artist,"Been around the world, but there's no place like home, oh baby https://t.co/v7gtwVsqm2"
712388070021197824,2016-03-22T21:18:46.000Z,184910040,@Adele,Adele,Famous Artist,"Show your support for @drop4drop 's mission to get clean water for all. W is for...WATER!
#WorldWaterDay #W4Water https://t.co/Fij7mdqNOI"
713505505537310720,2016-03-25T23:19:03.000Z,184910040,@Adele,Adele,Famous Artist,I'm so sorry to hear that someone got hurt at my show tonight. It's being investigated to ensure it won't happen again. X
715246134185345025,2016-03-30T18:35:41.000Z,184910040,@Adele,Adele,Famous Artist,❤️ Michael Kiwanuka is sounding very exciting on his new record!! So glad he's back! Black Man In A White World https://t.co/qKTFqK4eXC
723167763309711360,2016-04-21T15:13:25.000Z,184910040,@Adele,Adele,Famous Artist,Yes to #AppsforEarth! @AppStore @World_Wildlife 🌎🌿 https://t.co/v6aKesrbbg
727241650125307905,2016-05-02T21:01:35.000Z,184910040,@Adele,Adele,Famous Artist,"Proud of you Spurs! But Leicester... What an inspiration, the best fucking story ever! Congratulations!!!! X"
731896153734819840,2016-05-15T17:16:55.000Z,184910040,@Adele,Adele,Famous Artist,"Tottenham Boy ❤️
#konnichiwa https://t.co/gs7wMhaaki"
732181856234409984,2016-05-16T12:12:12.000Z,184910040,@Adele,Adele,Famous Artist,https://t.co/0hvbCIZUgj
734077030510297089,2016-05-21T17:42:57.000Z,184910040,@Adele,Adele,Famous Artist,"I am loving this! The Hour 
https://t.co/70eJjtUVZf 
X"
750103242093240320,2016-07-04T23:05:23.000Z,184910040,@Adele,Adele,Famous Artist,Happy 4th July America! Really happy to be here 🇺🇸 https://t.co/rk8oEZzb77
760222116109283328,2016-08-01T21:14:11.000Z,184910040,@Adele,Adele,Famous Artist,Saw this in Golden Gate Park this morning ❤️ https://t.co/jm3xfVAFU0
760431798983782400,2016-08-02T11:07:23.000Z,184910040,@Adele,Adele,Famous Artist,@MattBellassai Are you coming to my show tonight? Pls do X
765322170780250113,2016-08-15T22:59:59.000Z,184910040,@Adele,Adele,Famous Artist,I need to share with you all that I am eating the best burrito of my life. It is an explosively joyous moment
766043655341826050,2016-08-17T22:46:54.000Z,184910040,@Adele,Adele,Famous Artist,https://t.co/sPdEIYSbUt
766277344516538369,2016-08-18T14:15:30.000Z,184910040,@Adele,Adele,Famous Artist,https://t.co/SJ1cWaPu1M
776073871724281856,2016-09-14T15:03:24.000Z,184910040,@Adele,Adele,Famous Artist,Happy Birthday Amy X https://t.co/m5yp8NY1eU
784857642133024768,2016-10-08T20:46:58.000Z,184910040,@Adele,Adele,Famous Artist,Bon Iver's music is one of the true loves of my life. Every. Single. Time https://t.co/84eL1fht5c
785619693667221504,2016-10-10T23:15:05.000Z,184910040,@Adele,Adele,Famous Artist,@AttitudeMag ❤️
793132659866083328,2016-10-31T16:48:56.000Z,184910040,@Adele,Adele,Famous Artist,❤️ @VanityFair https://t.co/cyZj9Bp9Rr
795790489672880129,2016-11-08T00:50:12.000Z,184910040,@Adele,Adele,Famous Artist,Mannequin challenge https://t.co/4oZ5dmdsMN
798224060668854272,2016-11-14T18:00:21.000Z,184910040,@Adele,Adele,Famous Artist,For further details go to https://t.co/nBO4QoSecU https://t.co/W0d66Nsyg1
799311340150149120,2016-11-17T18:00:48.000Z,184910040,@Adele,Adele,Famous Artist,For further details go to https://t.co/nBO4QoSecU https://t.co/3lYaMe5pFJ
800973666695548929,2016-11-22T08:06:18.000Z,184910040,@Adele,Adele,Famous Artist,https://t.co/ZFVJ4hSma9
801365088380796929,2016-11-23T10:01:40.000Z,184910040,@Adele,Adele,Famous Artist,For further details please go to https://t.co/l21mEjQSCp https://t.co/bK00qJ5iIC
808425470056398848,2016-12-12T21:37:06.000Z,184910040,@Adele,Adele,Famous Artist,"@robbiewilliams I love you too, you legend! X"
821449671411466240,2017-01-17T20:10:38.000Z,184910040,@Adele,Adele,Famous Artist,Happy Birthday my Lady! We love you x https://t.co/tDf94yNYQW
822499433057316864,2017-01-20T17:42:00.000Z,184910040,@Adele,Adele,Famous Artist,✌🏻 https://t.co/XlcB8deroc
828692976390066176,2017-02-06T19:52:56.000Z,184910040,@Adele,Adele,Famous Artist,Lady you SMASHED it! Totally nailed it 👌🏻 https://t.co/ONE1HRg5us
834511096090337280,2017-02-22T21:12:04.000Z,184910040,@Adele,Adele,Famous Artist,"Thank you @BRITs ❤️ I actually am on the other side, of the world! I'm in Australia, that's why I'm not there. Have a great night x"
835049335385513984,2017-02-24T08:50:50.000Z,184910040,@Adele,Adele,Famous Artist,This fine young man's album is out today. Good luck darling @Stormzy1  👑 https://t.co/sTDl891lDl https://t.co/HLz9aUOjRT
836063870267478016,2017-02-27T04:02:14.000Z,184910040,@Adele,Adele,Famous Artist,See you tomorrow Perth X https://t.co/C8qplKCQCG
836109357699956737,2017-02-27T07:02:59.000Z,184910040,@Adele,Adele,Famous Artist,"Ah Emma ❤️
And Moonlight, congratulations so so wonderful ⭐️ https://t.co/u84R9Lwqce"
839430817659117570,2017-03-08T11:01:17.000Z,184910040,@Adele,Adele,Famous Artist,"""Whatever women do they must do twice as well as men to be thought half as good. Luckily, this is not difficult"" #internationalwomensday https://t.co/3jzQcEpKnH"
844477332693897216,2017-03-22T09:14:20.000Z,184910040,@Adele,Adele,Famous Artist,#W4Water 1.5 million children die every year due to water related diseases.Pls support @drop4drop with their mission to end the water crisis https://t.co/79Ujhhs5uv
860618641791995904,2017-05-05T22:14:08.000Z,184910040,@Adele,Adele,Famous Artist,Nearly 30! Thanks for the well wishes. See you soon x https://t.co/j15vjkMcye
870708242233438209,2017-06-02T18:26:36.000Z,184910040,@Adele,Adele,Famous Artist,"My best friend, my ride or die, my beyond talented love has a new book out today! ❤️ https://t.co/Xk9sWwjcN4"
872443337210462209,2017-06-07T13:21:15.000Z,184910040,@Adele,Adele,Famous Artist,Vote x https://t.co/oQMeAqWFQl
877898514507849729,2017-06-22T14:38:11.000Z,184910040,@Adele,Adele,Famous Artist,RT @wembleystadium: Limited general admission &amp; single tickets available for next week's @Adele gigs at #Wembley. GET THEM NOW!  https://t.…
880422747700170753,2017-06-29T13:48:35.000Z,184910040,@Adele,Adele,Famous Artist,"RT @wembleystadium: 👉 IMPORTANT ADVICE 👈
If you are coming to @Adele at #Wembley tonight please arrive as early as possible &amp; don't bring a…"
880934056938151937,2017-06-30T23:40:20.000Z,184910040,@Adele,Adele,Famous Artist,https://t.co/nMB7xcK7BD
898944353086865409,2017-08-19T16:26:50.000Z,184910040,@Adele,Adele,Famous Artist,#Game4Grenfell for the people of Grenfell and the wider community ❤️ Buy tickets here and watch it on Sept 2nd. https://t.co/yNphnY1rL2 https://t.co/VZ0QcEQyis
904743679168049154,2017-09-04T16:31:17.000Z,184910040,@Adele,Adele,Famous Artist,Happy Birthday to the Queen @Beyonce We love you like no other x https://t.co/T20htfn7yc
915651909733814278,2017-10-04T18:56:41.000Z,184910040,@Adele,Adele,Famous Artist,This is a STUNNING album! @IbeyiOfficial https://t.co/wUpEmHzekX
924567096289366016,2017-10-29T09:22:28.000Z,184910040,@Adele,Adele,Famous Artist,Happy Early Halloween &amp; Happy Birthday Gorgeous ❤️ https://t.co/k581SzuX6z
924567276250107905,2017-10-29T09:23:10.000Z,184910040,@Adele,Adele,Famous Artist,Also I can't with this hair and make up https://t.co/ddGC51nJcR
937771174058233861,2017-12-04T19:50:45.000Z,184910040,@Adele,Adele,Famous Artist,"Please sign this with me! We need your help to sign and spread the petition and encourage others to do the same. It's been almost 6 months now, we must keep on talking about what is still not happening xx.  https://t.co/nPggtLj9a1 https://t.co/cZH89Q7pfE"
952061663074643969,2018-01-13T06:16:03.000Z,184910040,@Adele,Adele,Famous Artist,"Queen Celine! What a show, an absolute highlight of my life, thank you so much for the attention to your crowd and insane humor. Happy new year lady x https://t.co/7eUPU0WR4U"
953142237130645504,2018-01-16T05:49:52.000Z,184910040,@Adele,Adele,Famous Artist,Delores O'Riordan ❤️ https://t.co/HnRcn2ULMQ
958300584670572546,2018-01-30T11:27:18.000Z,184910040,@Adele,Adele,Famous Artist,"The effortless queen of song, Dolly Parton! We love you! We wish We could possess an ounce of your ability. You were the hero of our night! A hero of my life. I'll always love you x https://t.co/4B7GsNffOf"
991038362596397056,2018-04-30T19:35:32.000Z,184910040,@Adele,Adele,Famous Artist,"#NationalAdoptAShelterPetDay
Had this joker for almost a year now. He’s the most beautiful cat, so glad we saved him x https://t.co/zNoMkDY6Ta"
994985380813443072,2018-05-11T16:59:35.000Z,184910040,@Adele,Adele,Famous Artist,This is great news 🙏🏻 https://t.co/Xs7eWqaDZA
1026787713893236736,2018-08-07T11:10:42.000Z,184910040,@Adele,Adele,Famous Artist,https://t.co/PJVEFZm0qK     https://t.co/jMNjkGeKfH https://t.co/WtLdwLBxJG
1029049309487083521,2018-08-13T16:57:28.000Z,184910040,@Adele,Adele,Famous Artist,https://t.co/1WDiyFHfNm https://t.co/hLmmKaTkOa
1042309484163551234,2018-09-19T07:08:40.000Z,184910040,@Adele,Adele,Famous Artist,❤️ https://t.co/ABLCUxnErr
1050994240086523904,2018-10-13T06:18:48.000Z,184910040,@Adele,Adele,Famous Artist,Oiii Champagne Papi blew my mind tonight! Best production I’ve ever seen hands down and way up there with one of my favorite shows of all time. Huge love ❤️
1073290008113672192,2018-12-13T18:54:13.000Z,184910040,@Adele,Adele,Famous Artist,FOREVER IN OUR HEARTS - NEVER FORGET GRENFELL 💚 https://t.co/Vtwm641AV6
1199448948404035590,2019-11-26T22:04:48.000Z,184910040,@Adele,Adele,Famous Artist,Don’t forget to Register to Vote before midnight tonight U.K ✔️ https://t.co/mYnpSxmBIe
1317891000619159552,2020-10-18T18:11:14.000Z,184910040,@Adele,Adele,Famous Artist,https://t.co/hjhNsOTA75
1348339583331786759,2021-01-10T18:43:02.000Z,184910040,@Adele,Adele,Famous Artist,@chorleyfc ❤️
1445143972318429187,2021-10-04T21:49:07.000Z,184910040,@Adele,Adele,Famous Artist,@Twitter Hiya babes!
1445388436773425163,2021-10-05T14:00:32.000Z,184910040,@Adele,Adele,Famous Artist,Easy On Me - October 15 https://t.co/7HRvxAfEqy
1446143940504158213,2021-10-07T16:02:38.000Z,184910040,@Adele,Adele,Famous Artist,"British Vogue 🇬🇧
https://t.co/UgGgfbF6lZ https://t.co/V3p8UcZ7mk"
1446144671093190657,2021-10-07T16:05:32.000Z,184910040,@Adele,Adele,Famous Artist,"American Vogue 🇺🇸
https://t.co/Y06nqbIH94 https://t.co/JshzotZqOq"
1447936073452167169,2021-10-12T14:43:55.000Z,184910040,@Adele,Adele,Famous Artist,Easy On Me - October 15 - Midnight UK https://t.co/Fwkeqjb5Mf
1448287471649837061,2021-10-13T14:00:15.000Z,184910040,@Adele,Adele,Famous Artist,30 - November 19 https://t.co/vp6ornlda2
1448725859431559171,2021-10-14T19:02:15.000Z,184910040,@Adele,Adele,Famous Artist,"Easy On Me - Midnight UK

https://t.co/arMo74yjek https://t.co/kqKcjH6cqk"
1448790150683713538,2021-10-14T23:17:43.000Z,184910040,@Adele,Adele,Famous Artist,"Easy On Me - Out Now
https://t.co/2iwZqeT01P https://t.co/UhmznLDvgZ"
1449866136389050368,2021-10-17T22:33:18.000Z,184910040,@Adele,Adele,Famous Artist,@ChuckyIsReal Wanna play?
1450073515747651593,2021-10-18T12:17:21.000Z,184910040,@Adele,Adele,Famous Artist,CBS - November 14 https://t.co/BnmZgeTheT
1450147362291204098,2021-10-18T17:10:48.000Z,184910040,@Adele,Adele,Famous Artist,Might as well have been in Kathy’s on Bridge Street 🤣 https://t.co/81wqL3roun
1451219159325372416,2021-10-21T16:09:44.000Z,184910040,@Adele,Adele,Famous Artist,"73 Questions... or something, I've lost count! 
https://t.co/RSmWpXGDym https://t.co/kVbrwfVDyJ"
1452893897437286401,2021-10-26T07:04:33.000Z,184910040,@Adele,Adele,Famous Artist,"Oiii Oiiiiiiiiiiiii♥️
Pre sale at https://t.co/hbsotis7lr https://t.co/HBSmDereSv"
1455618967570206726,2021-11-02T19:33:00.000Z,184910040,@Adele,Adele,Famous Artist,ITV - 21st November https://t.co/3HZj31DFNu
1456260299456081920,2021-11-04T14:01:26.000Z,184910040,@Adele,Adele,Famous Artist,It’s all smoke and mirrors! Here’s all the bloopers from the Easy On Me video 🤣 https://t.co/UFVNcChgX6
1458782358807752711,2021-11-11T13:03:11.000Z,184910040,@Adele,Adele,Famous Artist,https://t.co/vDFwX18Vge https://t.co/DCzpwobiV9
1459660066282422276,2021-11-13T23:10:53.000Z,184910040,@Adele,Adele,Famous Artist,Tomorrow 🪐 https://t.co/2h0s0qKkaz
1460022187914498048,2021-11-14T23:09:50.000Z,184910040,@Adele,Adele,Famous Artist,"The most beautiful venue I’ve ever played. Thank you to everyone who made it possible. To Oprah for allowing me to tell my truth lovingly in a safe space. The whole thing was pretty overwhelming, I’ve seen it twice and cried my eyes out both times."
1460022266423439362,2021-11-14T23:10:08.000Z,184910040,@Adele,Adele,Famous Artist,"Having been on such a rollercoaster the last few years and then the pandemic, it was hard to imagine being on stage singing again ever. So the fact that I got to and also got to sing my new songs, has me feeling a million things at once!"
1460022318021812230,2021-11-14T23:10:21.000Z,184910040,@Adele,Adele,Famous Artist,"It was also the first time my son saw me perform and I’ve never been so nervous in my life!! I hope you like it, tune in tonight at 8:30pmET / 8pm PT on CBS x"
1460065086349869060,2021-11-15T02:00:17.000Z,184910040,@Adele,Adele,Famous Artist,🪐🪐🪐🪐🪐🪐🪐🪐 https://t.co/tZ2IEp9Oy9
1460065444727910403,2021-11-15T02:01:43.000Z,184910040,@Adele,Adele,Famous Artist,🪐🪐🪐🪐🪐🪐🪐🪐 https://t.co/P622zCpRdt
1461062528029528067,2021-11-17T20:03:46.000Z,184910040,@Adele,Adele,Famous Artist,To Be Loved https://t.co/r16x90FbAU
1461228738272632835,2021-11-18T07:04:14.000Z,184910040,@Adele,Adele,Famous Artist,https://t.co/5xP9j6HjGz
1461724137974493185,2021-11-19T15:52:46.000Z,184910040,@Adele,Adele,Famous Artist,"It was a ride, so I threw my arms up and screamed! Love you all ♥️ 
https://t.co/QyxTf5ciTM https://t.co/9nFsgNX5TS"
1462127437362315268,2021-11-20T18:35:20.000Z,184910040,@Adele,Adele,Famous Artist,"Tomorrow - 7:25pm GMT, on ITV 🇬🇧 https://t.co/cIoLE3e4gQ"
1462260324485242881,2021-11-21T03:23:23.000Z,184910040,@Adele,Adele,Famous Artist,This was the only request I had in our ever changing industry! We don’t create albums with so much care and thought into our track listing for no reason. Our art tells a story and our stories should be listened to as we intended. Thank you Spotify for listening 🍷♥️ https://t.co/XWlykhqxAy
1462521327177412612,2021-11-21T20:40:31.000Z,184910040,@Adele,Adele,Famous Artist,"Home Sweet Home. I’ve always dreamt of doing An Audience With… There was so much love in the room for eachother, it felt like such a gig! Everyone was raucous and bang up for it! And my teacher Ms McDonald was there, it was just heaven ♥️ https://t.co/N1LpkQbeoh"
1463161086992072715,2021-11-23T15:02:42.000Z,184910040,@Adele,Adele,Famous Artist,"NRJ Awards 2021 🇫🇷
https://t.co/BuNAkNrWcx https://t.co/PEvYJdEO27"
1464751338357772290,2021-11-28T00:21:47.000Z,184910040,@Adele,Adele,Famous Artist,😍 https://t.co/enWWiHwfbh
1465696678829125653,2021-11-30T14:58:14.000Z,184910040,@Adele,Adele,Famous Artist,See you at Caesars in Vegasss ✨ https://t.co/VngaofduHQ
1466495684450963458,2021-12-02T19:53:12.000Z,184910040,@Adele,Adele,Famous Artist,Finally got to get my face done by Ms Nikkie! https://t.co/23q51RRXYD
1479106641479884808,2022-01-06T15:04:38.000Z,184910040,@Adele,Adele,Famous Artist,"Rested and Re-Set! Feeling ready for 2022, there’s so much coming, I’m excited for you all to see it x https://t.co/2uESLUUvVj"
1479887109800574982,2022-01-08T18:45:56.000Z,184910040,@Adele,Adele,Famous Artist,Oh My God Video - January 12 https://t.co/0bfpxxQgZf
1480961923411755015,2022-01-11T17:56:52.000Z,184910040,@Adele,Adele,Famous Artist,"Oh My God video, tomorrow 9am PST / 12pm EST / 5pm UK time. https://t.co/vyb2p9FghP #OhMyGod"
1481315014686515207,2022-01-12T17:19:55.000Z,184910040,@Adele,Adele,Famous Artist,"I got to work with Sam Brown again for ‘Oh My God’ who directed the ‘Rolling In The Deep’ video! So to collaborate together again a decade later was nostalgic to say the least. We filmed this one on the day Easy On Me dropped, there were a million things going on all at once. https://t.co/CXyigodfHe"
1481315238519754755,2022-01-12T17:20:49.000Z,184910040,@Adele,Adele,Famous Artist,But the attention to detail from the crew was borderline hilarious - thank you so much for your patience and pulling it all together it was a lot of fun 🙏🏻 Although right at the end a huge python was on set so I skidaddled my arse straight out of there!
1481315517218664451,2022-01-12T17:21:55.000Z,184910040,@Adele,Adele,Famous Artist,"Big thank you to Harris Reed, Louis Vuitton and The Queens Haus - Vivienne Westwood for the most stunning clothes for me to sing  my “I’m a hot mess” song in! ♥️ https://t.co/lnMaSHyJBZ"
1482175368433790977,2022-01-15T02:18:39.000Z,184910040,@Adele,Adele,Famous Artist,@DayTitsDreamers I love this idea ♥️ https://t.co/usTvi4mH3l
1484296618191069186,2022-01-20T22:47:45.000Z,184910040,@Adele,Adele,Famous Artist,"All dates will be rescheduled
More info coming soon
💔 https://t.co/k0A4lXhW5l"
1484717693605277696,2022-01-22T02:40:57.000Z,184910040,@Adele,Adele,Famous Artist,"@Dominic_Criso Your mum did such a good job on your nails!! Keep that tux steamed and crisp my love for when I come back! I appreciate you so much, I’m so sorry ♥️"
1484728575513165824,2022-01-22T03:24:11.000Z,184910040,@Adele,Adele,Famous Artist,I have the best fans in the world! Your graciousness and love tonight is overwhelming! Thank you ♥️
1484737570332315648,2022-01-22T03:59:56.000Z,184910040,@Adele,Adele,Famous Artist,@_adxleeditss_ I appreciate your edits! Now go carry on living your life out loud in full color x
1488585221066928139,2022-02-01T18:49:07.000Z,184910040,@Adele,Adele,Famous Artist,"Hiya, so I’m really happy to say that I am performing at the Brits next week!! Anddddd I’ll also be popping in to see Graham for a chat on the couch while I’m in town too! I’m looking forward to it! Oh, and Rich sends his love ♥️ https://t.co/8DsDPcH8ph"
1491507862807449610,2022-02-09T20:22:40.000Z,184910040,@Adele,Adele,Famous Artist,"What a night! Thank you @BRITs, thank you Sally and Tom for being so accommodating. Thank you to everyone who was there in the crowd, you were so loud and loving! Congratulations to all the other winners and nominees, keep on smashing it! 🇬🇧 ✨ https://t.co/8jDoF0DJ6E"
1505295521673588747,2022-03-19T21:29:54.000Z,184910040,@Adele,Adele,Famous Artist,I did a show at home in London last year that is going to be on NBC tomorrow night!! It was a show I used to watch growing up called ‘An Audience With’. https://t.co/kFMmvw8ysF
1505295609204510720,2022-03-19T21:30:14.000Z,184910040,@Adele,Adele,Famous Artist,"It was so much fun, people were wild, I was reunited with my favourite teacher from school when I was a teenager, Scary Spice was there, my fans were there and it was just the best, knees up of a night 🇬🇧"
